225 225 225 223 220 222 218 218 218 222 225 220 223 225 225 225
225 223 204 159  63 148   0  10  10 122 218  63 159 204 223 225
225 204   0   0  63 160  35 107 107  14 148  63   0   0 204 225
223 159   0   0  64 225 205  93  94 101 164  63   0   0 159 223
220  63  63  64 111 225 134   0   2  97 203 109  63  63  63 220
225 225 225 225 203 174 134   0  42  78 174 225 225 225 155 222
222 142 211 134  96  46  79   0  71 188 225 225 225 225 104 221
221 108 105   0  30  69   0   0   0 134 156 120 120 124 120 221
221 108 105   0  30  70   0  57  57 134 156  33  93  28   1 218
222 130  98 134 134 134 134 177 106  55 179 159 100 130 134 222
225 218 160 225 225 174 137 225 184 148 199 225  49 190 225 225
220  63  63  63 109 203 187 225 225 225 225 109  14  54  63 220
223 159   0   0  63 164  49 132 225 225 110  14   0 148 176 223
225 204   0   0  63 151  10  27 141 225  77   0   0  36  36 219
225 223 204 159  63 218 205 205 216 104   7   0   0   9 186 224
225 225 225 223 220 225 225 225 225 221 218 218 218 218 224 225
225 225 225 223 220 222 218 218 218 222 225 220 223 225 225 225
225 223 204 159  63 148   0  10  10 122 218  63 159 204 223 225
225 204   0   0  63 160  35 107 107  14 148  63   0   0 204 225
223 159   0   0  64 225 205  93  94 101 164  63   0   0 159 223
220  63  63  64 111 225 134   0   2  97 203 109  63  63  63 220
225 225 225 225 203 174 134   0  42  78 174 225 225 225 155 222
222 142 211 134  96  46  79   0  71 188 225 225 225 225 104 221
221 108 105   0  30  69   0   0   0 134 156 120 120 124 120 221
221 108 105   0  30  70   0  57  57 134 156  33  93  28   1 218
222 130  98 134 134 134 134 177 106  55 179 159 100 130 134 222
225 218 160 225 225 174 137 225 184 148 199 225  49 190 225 225
220  63  63  63 109 203 187 225 225 225 225 109  14  54  63 220
223 159   0   0  63 164  49 132 225 225 110  14   0 148 176 223
225 204   0   0  63 151  10  27 141 225  77   0   0  36  36 219
225 223 204 159  63 218 205 205 216 104   7   0   0   9 186 224
225 225 225 223 220 225 225 225 225 221 218 218 218 218 224 225
225 225 225 223 220 222 218 218 218 222 225 220 223 225 225 225
225 223 204 159  63 148   0  10  10 122 218  63 159 204 223 225
225 204   0   0  63 160  35 107 107  14 148  63   0   0 204 225
223 159   0   0  64 225 205  93  94 101 164  63   0   0 159 223
220  63  63  64 111 225 134   0   2  97 203 109  63  63  63 220
225 225 225 225 203 174 134   0  42  78 174 225 225 225 155 222
222 142 211 134  96  46  79   0  71 188 225 225 225 225 104 221
221 108 105   0  30  69   0   0   0 134 156 120 120 124 120 221
221 108 105   0  30  70   0  57  57 134 156  33  93  28   1 218
222 130  98 134 134 134 134 177 106  55 179 159 100 130 134 222
225 218 160 225 225 174 137 225 184 148 199 225  49 190 225 225
220  63  63  63 109 203 187 225 225 225 225 109  14  54  63 220
223 159   0   0  63 164  49 132 225 225 110  14   0 148 176 223
225 204   0   0  63 151  10  27 141 225  77   0   0  36  36 219
225 223 204 159  63 218 205 205 216 104   7   0   0   9 186 224
225 225 225 223 220 225 225 225 225 221 218 218 218 218 224 225

225 225 225 223 220 222 221 221 218 222 225 220 223 219 224 225
225 223 204 159  63 155 104 120   1 134 225  63 176  36 186 224
225 204   0   0  63 225 225 124  28 130 190  54 148  36   9 218
223 159   0   0  63 225 225 120  93 100  49  14   0   0   0 218
220  63  63  63 109 225 225 120  33 159 225 109  14   0   0 218
225 218 148 164 203 174 225 156 156 179 199 225 110  77   7 218
222 122  14 101  97  78 188 134 134  55 148 225 225 225 104 221
218  10 107  94   2  42  71   0  57 106 184 225 225 141 216 225
218  10 107  93   0   0   0   0  57 177 225 225 132  27 205 225
218   0  35 205 134 134  79   0   0 134 137 187  49  10 205 225
222 148 160 225 225 174  46  69  70 134 174 203 164 151 218 225
220  63  63  64 111 203  96  30  30 134 225 109  63  63  63 220
223 159   0   0  64 225 134   0   0 134 225  63   0   0 159 223
225 204   0   0  63 225 211 105 105  98 160  63   0   0 204 225
225 223 204 159  63 225 142 108 108 130 218  63 159 204 223 225
225 225 225 223 220 225 222 221 221 222 225 220 223 225 225 225
225 225 225 223 220 222 221 221 218 222 225 220 223 219 224 225
225 223 204 159  63 155 104 120   1 134 225  63 176  36 186 224
225 204   0   0  63 225 225 124  28 130 190  54 148  36   9 218
223 159   0   0  63 225 225 120  93 100  49  14   0   0   0 218
220  63  63  63 109 225 225 120  33 159 225 109  14   0   0 218
225 218 148 164 203 174 225 156 156 179 199 225 110  77   7 218
222 122  14 101  97  78 188 134 134  55 148 225 225 225 104 221
218  10 107  94   2  42  71   0  57 106 184 225 225 141 216 225
218  10 107  93   0   0   0   0  57 177 225 225 132  27 205 225
218   0  35 205 134 134  79   0   0 134 137 187  49  10 205 225
222 148 160 225 225 174  46  69  70 134 174 203 164 151 218 225
220  63  63  64 111 203  96  30  30 134 225 109  63  63  63 220
223 159   0   0  64 225 134   0   0 134 225  63   0   0 159 223
225 204   0   0  63 225 211 105 105  98 160  63   0   0 204 225
225 223 204 159  63 225 142 108 108 130 218  63 159 204 223 225
225 225 225 223 220 225 222 221 221 222 225 220 223 225 225 225
225 225 225 223 220 222 221 221 218 222 225 220 223 219 224 225
225 223 204 159  63 155 104 120   1 134 225  63 176  36 186 224
225 204   0   0  63 225 225 124  28 130 190  54 148  36   9 218
223 159   0   0  63 225 225 120  93 100  49  14   0   0   0 218
220  63  63  63 109 225 225 120  33 159 225 109  14   0   0 218
225 218 148 164 203 174 225 156 156 179 199 225 110  77   7 218
222 122  14 101  97  78 188 134 134  55 148 225 225 225 104 221
218  10 107  94   2  42  71   0  57 106 184 225 225 141 216 225
218  10 107  93   0   0   0   0  57 177 225 225 132  27 205 225
218   0  35 205 134 134  79   0   0 134 137 187  49  10 205 225
222 148 160 225 225 174  46  69  70 134 174 203 164 151 218 225
220  63  63  64 111 203  96  30  30 134 225 109  63  63  63 220
223 159   0   0  64 225 134   0   0 134 225  63   0   0 159 223
225 204   0   0  63 225 211 105 105  98 160  63   0   0 204 225
225 223 204 159  63 225 142 108 108 130 218  63 159 204 223 225
225 225 225 223 220 225 222 221 221 222 225 220 223 225 225 225

191 140 136 148 184 185 183 139 141 180 195 150 140 141 141 190
198 107  46  26  70  86 107  98 118 135 142  77 113 122 128 142
173  62  62  10  28  72 136 107  57  58 129  90  29   5 131 142
152 154 149  14  43  86 168 179 103  70 169  94  45  32 114 142
154  83  76  43 128 131 119 138 183 151 162  94  88 109 102 166
140 120 103  40 137 119 101 146 186 118 118 150 154 150 187 196
158 124 110  58 113 137  88 125 119 107 136 131 102 104 125 188
166  97 119  63  58 139 111  86  82  39  85 114  49 135 113 191
193 144 116 121  98 160 121  94  85  39  57  91  85 123 118 150
208 141 159 176 164 181 141  92  72 118  97 130 173 122 146 182
195 157 153 164 178 108  83  89  75 161 178 170 206 142 152 198
150  86  87  83  89 135 112  92  87 151 178  85  94  89  76 155
140 113  29  45  85 106 104 122  84 151 160  82  44  29 119 142
141 122   5  32 109 141  37  71 110  56 107  87  29   4 130 142
141 128 131 114  86 154 123  79  56  59 146  86 119 130 128 142
190 142 142 142 158 199 196 172 172 197 198 155 142 142 142 194
191 140 136 148 184 185 183 139 141 180 195 150 140 141 141 190
198 107  46  26  70  86 107  98 118 135 142  77 113 122 128 142
173  62  62  10  28  72 136 107  57  58 129  90  29   5 131 142
152 154 149  14  43  86 168 179 103  70 169  94  45  32 114 142
154  83  76  43 128 131 119 138 183 151 162  94  88 109 102 166
140 120 103  40 137 119 101 146 186 118 118 150 154 150 187 196
158 124 110  58 113 137  88 125 119 107 136 131 102 104 125 188
166  97 119  63  58 139 111  86  82  39  85 114  49 135 113 191
193 144 116 121  98 160 121  94  85  39  57  91  85 123 118 150
208 141 159 176 164 181 141  92  72 118  97 130 173 122 146 182
195 157 153 164 178 108  83  89  75 161 178 170 206 142 152 198
150  86  87  83  89 135 112  92  87 151 178  85  94  89  76 155
140 113  29  45  85 106 104 122  84 151 160  82  44  29 119 142
141 122   5  32 109 141  37  71 110  56 107  87  29   4 130 142
141 128 131 114  86 154 123  79  56  59 146  86 119 130 128 142
190 142 142 142 158 199 196 172 172 197 198 155 142 142 142 194
191 140 136 148 184 185 183 139 141 180 195 150 140 141 141 190
198 107  46  26  70  86 107  98 118 135 142  77 113 122 128 142
173  62  62  10  28  72 136 107  57  58 129  90  29   5 131 142
152 154 149  14  43  86 168 179 103  70 169  94  45  32 114 142
154  83  76  43 128 131 119 138 183 151 162  94  88 109 102 166
140 120 103  40 137 119 101 146 186 118 118 150 154 150 187 196
158 124 110  58 113 137  88 125 119 107 136 131 102 104 125 188
166  97 119  63  58 139 111  86  82  39  85 114  49 135 113 191
193 144 116 121  98 160 121  94  85  39  57  91  85 123 118 150
208 141 159 176 164 181 141  92  72 118  97 130 173 122 146 182
195 157 153 164 178 108  83  89  75 161 178 170 206 142 152 198
150  86  87  83  89 135 112  92  87 151 178  85  94  89  76 155
140 113  29  45  85 106 104 122  84 151 160  82  44  29 119 142
141 122   5  32 109 141  37  71 110  56 107  87  29   4 130 142
141 128 131 114  86 154 123  79  56  59 146  86 119 130 128 142
190 142 142 142 158 199 196 172 172 197 198 155 142 142 142 194

191 142 142 141 162 199 184 191 150 179 197 154 141 142 142 191
142 129 127 114  98 189 127 114 120 143 152  80 114 127 129 142
142 127   6  31 105 155 102 132 122 125 144  93  31   6 127 142
141 114  31  46  84 155 108  50  85 169 206  98  46  31 114 141
154  80  93 101  96 150 133 115  92 125 170  93  84  90  90 155
197 143 126 164 165 114 138  82  57  96 178 180 162 105 141 197
179 138  58  65 157 120 111  42  41 112 158 148 149  62  59 192
142 120  58 104 181 187 124  82  86  73  75  88  84 110  59 168
141  98 106 182 136 145 126  87  93  95  90  92 124  71  80 170
189 108 135 169 120 102  86 113 122 142  86 112 101  40 122 195
187  85  69  80 133 120 140 141 159 183 114 134 111 145 155 197
189  72  29  40 128 138 112  55  92 162 180  91  82 105  84 155
151  25  11  12  40  37  55  67 119 178 164  87  46  31 114 141
139  49  60 159  77 108 111 123 114 157 155  90  31   6 127 142
141 112  58 157  81 120 125  98 141 144 155  90 114 127 129 142
193 202 179 152 157 141 158 170 193 212 197 155 141 142 142 191
191 142 142 141 162 199 184 191 150 179 197 154 141 142 142 191
142 129 127 114  98 189 127 114 120 143 152  80 114 127 129 142
142 127   6  31 105 155 102 132 122 125 144  93  31   6 127 142
141 114  31  46  84 155 108  50  85 169 206  98  46  31 114 141
154  80  93 101  96 150 133 115  92 125 170  93  84  90  90 155
197 143 126 164 165 114 138  82  57  96 178 180 162 105 141 197
179 138  58  65 157 120 111  42  41 112 158 148 149  62  59 192
142 120  58 104 181 187 124  82  86  73  75  88  84 110  59 168
141  98 106 182 136 145 126  87  93  95  90  92 124  71  80 170
189 108 135 169 120 102  86 113 122 142  86 112 101  40 122 195
187  85  69  80 133 120 140 141 159 183 114 134 111 145 155 197
189  72  29  40 128 138 112  55  92 162 180  91  82 105  84 155
151  25  11  12  40  37  55  67 119 178 164  87  46  31 114 141
139  49  60 159  77 108 111 123 114 157 155  90  31   6 127 142
141 112  58 157  81 120 125  98 141 144 155  90 114 127 129 142
193 202 179 152 157 141 158 170 193 212 197 155 141 142 142 191
191 142 142 141 162 199 184 191 150 179 197 154 141 142 142 191
142 129 127 114  98 189 127 114 120 143 152  80 114 127 129 142
142 127   6  31 105 155 102 132 122 125 144  93  31   6 127 142
141 114  31  46  84 155 108  50  85 169 206  98  46  31 114 141
154  80  93 101  96 150 133 115  92 125 170  93  84  90  90 155
197 143 126 164 165 114 138  82  57  96 178 180 162 105 141 197
179 138  58  65 157 120 111  42  41 112 158 148 149  62  59 192
142 120  58 104 181 187 124  82  86  73  75  88  84 110  59 168
141  98 106 182 136 145 126  87  93  95  90  92 124  71  80 170
189 108 135 169 120 102  86 113 122 142  86 112 101  40 122 195
187  85  69  80 133 120 140 141 159 183 114 134 111 145 155 197
189  72  29  40 128 138 112  55  92 162 180  91  82 105  84 155
151  25  11  12  40  37  55  67 119 178 164  87  46  31 114 141
139  49  60 159  77 108 111 123 114 157 155  90  31   6 127 142
141 112  58 157  81 120 125  98 141 144 155  90 114 127 129 142
193 202 179 152 157 141 158 170 193 212 197 155 141 142 142 191
